"OutcomesFramework ID","Outcomes Framework Name","Date Published"
"NHSOF1","NHS Outcomes Framework 2014/15","Nov-13"
"PHOF1","Public Health Outcomes Framework 2013 - 2016","Jan-12"
